3 0.6570011162109375 0.4591273564453125 0.0205078125 0.033203125
0 0.6259028701171875 0.4681911669921875 0.0234375 0.041015625
3 0.5805838173828125 0.5997726923828125 0.0205078125 0.041015625
1 0.6085566123046875 0.5236679384765626 0.0341796875 0.0625
4 0.494946435546875 0.58414543359375 0.02734375 0.0615234375
1 0.26302558886718747 0.780748470703125 0.0615234375 0.0205078125
1 0.615071806640625 0.8731261162109375 0.0625 0.0341796875
1 0.7774617861328126 0.699280185546875 0.0458984375 0.064453125
0 0.747926265625 0.700061548828125 0.0185546875 0.0478515625
0 0.8850028330078125 0.50527013671875 0.025390625 0.046875
3 0.9773599374999999 0.32930276953125 0.0439453125 0.0400390625
